3
53 35
32 86 6
21 83 2 33
97 85 84 99 92
23 3 30 48 82 80
73 19 7 97 38 24 63
66 30 8 76 95 30 82 52
33 18 16 83 60 9 65 44 13
74 3 14 90 49 16 25 91 23 41
20 52 46 75 73 8 86 33 38 11 32
59 67 20 53 71 86 66 21 11 19 31 97
55 57 11 46 61 94 93 26 77 60 87 20 43
1 87 24 29 1 29 43 89 79 17 76 95 16 79
5 51 65 16 95 96 58 5 6 50 53 40 96 92 75
95 66 68 78 7 79 51 9 28 36 65 66 11 86 47 72
33 60 16 2 87 33 56 96 13 77 49 64 17 5 42 53 67
45 13 92 67 47 79 76 80 55 28 90 40 85 94 4 34 33 3
38 27 15 49 25 73 23 89 42 1 60 73 25 59 48 44 48 53 21
7 67 12 97 65 47 63 99 72 47 45 78 53 57 41 43 3 16 13 26
