449
57 715
403 610 819
530 469 102 469
905 930 577 290 455
489 397 28 1 645 558
956 756 146 987 49 891 157
626 184 954 478 826 823 928 685
333 398 770 996 708 575 857 651 47
320 114 768 559 392 646 906 220 844 746
968 633 760 842 585 898 893 204 162 611 651
427 576 592 766 607 312 146 859 373 738 151 569
863 12 897 515 389 235 692 727 562 881 224 948 696
160 606 361 394 646 165 654 828 718 717 204 788 97 737
195 157 169 66 249 214 74 627 809 295 602 562 831 692 711
832 400 36 71 82 309 548 925 8 799 367 637 680 222 112 567
289 416 357 853 443 402 370 944 477 458 302 132 295 247 282 984 280
919 840 635 413 552 505 886 364 843 89 970 747 425 561 481 311 657 650
657 961 453 638 829 297 299 424 732 773 917 32 884 395 823 314 997 129 400
535 426 733 667 828 834 955 250 18 328 107 192 651 60 175 808 671 553 241 837
651 181 772 226 679 192 598 911 516 617 504 619 965 521 746 280 348 296 877 422 723
594 856 6 588 191 138 676 864 940 409 22 234 420 159 91 398 391 181 269 524 87 441
244 609 949 653 179 580 229 688 756 26 671 840 509 325 938 940 32 742 523 611 881 159 278
964 114 44 706 202 677 715 586 309 220 700 497 337 708 768 554 770 199 431 245 92 314 830 638
598 853 681 956 348 964 592 450 761 696 823 468 573 102 902 149 781 423 930 100 191 492 600 485 71
772 473 912 695 311 359 146 595 159 690 420 83 284 307 618 590 629 982 987 202 933 951 571 329 854 727
313 299 247 211 765 603 744 128 192 511 157 450 959 549 145 312 581 601 412 945 242 510 159 428 597 780 385
544 497 752 764 398 535 458 142 125 355 740 195 509 943 33 40 200 456 802 711 334 399 788 626 62 862 883 771
846 895 642 183 864 602 926 778 461 352 506 799 20 37 388 712 145 511 177 951 344 262 212 974 518 493 14 659 840
31 559 633 12 355 812 697 47 14 484 925 526 307 967 164 674 219 60 607 325 401 906 522 308 199 159 650 380 663 962
