177
798 95
401 30 640
242 915 300 448
403 98 439 732 739
533 573 217 870 1 477
120 242 714 178 898 105 38
184 660 629 991 156 17 87 968
571 922 739 58 967 279 616 652 907
91 488 297 322 936 244 673 657 386 83
637 450 643 761 29 145 735 275 216 96 883
440 922 162 164 185 142 57 895 758 990 34 612
608 618 914 786 985 152 196 874 412 378 199 626 710
725 553 227 572 166 115 569 995 237 381 124 817 319 446
28 69 712 721 814 809 498 326 929 485 647 114 995 517 306
343 30 813 634 822 214 562 93 421 491 444 372 593 726 115 901
16 744 71 743 71 239 395 633 755 261 287 57 661 370 404 437 6
681 669 700 325 741 870 471 165 575 696 923 569 109 272 502 215 455 243
245 709 584 674 978 633 983 340 430 190 363 329 810 698 748 541 453 198 120
913 311 947 986 441 649 550 924 476 937 480 873 850 772 252 615 947 944 396 578
435 637 25 390 291 5 579 134 14 772 546 15 51 422 695 355 434 627 867 219 369
3 901 237 255 209 730 404 533 735 267 171 933 78 250 913 728 419 712 119 72 837 714
285 773 968 164 944 995 329 949 417 685 694 859 27 291 849 663 862 939 766 499 569 354 925
762 383 658 534 121 403 738 789 19 367 293 380 915 440 809 115 313 623 332 352 380 746 967 321
591 442 138 253 769 158 53 632 629 518 702 684 466 743 786 153 819 354 690 98 607 321 326 699 501
556 679 536 210 539 723 273 998 411 67 124 108 760 320 72 861 464 322 363 512 720 581 342 395 807 27
6 948 561 245 654 511 63 981 318 967 722 442 964 465 836 391 225 519 540 392 412 266 694 37 156 966 479
968 773 497 728 331 155 675 719 142 101 267 181 496 286 942 229 582 276 520 844 748 99 210 320 965 688 557 42
527 161 724 139 71 92 479 138 739 841 601 770 247 996 726 144 393 600 8 206 309 473 43 105 266 586 64 154 521
307 191 499 920 80 191 556 426 444 971 368 726 121 900 466 782 109 390 477 673 285 26 418 201 281 209 130 347 712 737
549 550 972 205 419 992 808 820 424 55 205 637 227 715 319 423 897 543 322 393 998 440 695 277 839 843 50 251 64 352 924
264 595 479 664 935 76 62 894 889 320 419 678 173 288 130 413 677 258 121 798 444 129 104 731 885 123 347 157 681 258 587 157
484 312 83 234 962 870 776 951 455 43 53 940 191 612 826 421 345 579 643 98 946 816 288 196 237 802 34 382 2 363 635 523 723
269 762 216 350 198 569 259 573 457 613 804 51 501 444 36 397 850 444 747 222 973 948 217 12 71 272 893 441 880 916 344 968 81 589
302 932 22 788 396 33 158 396 787 153 578 851 228 916 515 441 989 887 541 971 577 813 781 527 881 919 528 517 244 865 647 722 365 609 989
94 784 721 125 584 164 429 784 300 695 239 777 747 986 58 934 63 506 295 57 927 99 370 498 962 486 414 379 232 204 895 679 557 923 865 676
655 231 133 315 445 46 536 567 762 850 505 645 262 805 393 298 775 595 167 134 3 141 225 590 828 357 464 941 808 517 750 950 868 511 359 634 695
397 317 894 930 323 860 923 351 273 220 972 176 640 425 639 69 17 926 29 164 960 244 343 823 722 101 285 166 905 897 169 58 916 489 26 457 557 523
85 850 939 278 237 608 764 438 805 917 653 331 926 163 691 946 412 368 672 42 557 511 172 131 486 614 801 939 82 17 329 848 510 26 256 233 501 658 30
763 213 365 661 436 376 546 112 296 44 960 115 667 143 714 59 53 748 734 189 167 628 284 364 424 722 474 949 902 569 145 519 351 502 43 519 3 681 286 121
832 203 546 968 692 298 357 959 623 790 583 805 83 306 758 195 249 353 321 493 888 383 99 46 931 236 878 23 676 997 775 525 440 843 430 759 562 750 46 227 328
942 404 993 689 929 289 328 462 499 307 887 363 827 614 559 168 864 329 825 251 663 594 112 764 301 904 263 888 900 40 783 875 376 295 324 169 746 585 454 22 541 462
971 12 533 142 917 12 167 629 549 931 640 905 449 610 688 670 629 72 817 881 948 287 87 321 626 34 161 321 382 400 625 998 951 656 422 918 715 539 591 175 20 560 743
738 879 90 413 151 90 230 497 781 920 82 952 348 336 828 425 761 680 847 646 317 114 800 529 761 931 108 316 242 363 839 556 307 947 572 93 122 870 534 319 249 585 754 698
915 896 197 774 914 766 533 681 740 90 854 480 878 72 564 464 313 191 835 352 983 624 433 698 666 368 503 102 951 847 147 204 604 353 843 266 971 228 302 102 571 974 32 309 925
483 65 743 653 135 653 82 218 590 456 782 426 593 168 729 97 585 572 118 92 40 918 450 341 792 16 701 209 259 298 528 412 802 545 564 773 687 522 961 669 192 417 585 891 877 142
530 891 985 719 17 47 592 905 474 105 819 733 56 910 196 180 276 399 909 310 524 765 9 996 246 93 14 375 848 51 807 311 627 637 728 19 484 885 678 169 394 195 28 846 470 633 141
249 515 979 627 304 767 139 770 716 603 43 61 503 851 948 346 297 884 663 334 497 680 833 290 215 481 838 10 283 312 623 69 407 564 267 573 373 689 996 762 80 370 827 481 319 60 934 149
713 883 151 28 475 134 577 160 175 622 22 614 90 779 119 77 107 97 972 722 106 972 141 121 678 763 448 207 491 51 824 965 319 671 629 145 903 307 218 481 53 714 215 917 692 853 210 37 243
32 848 574 820 789 903 916 179 61 644 71 304 970 318 558 55 948 153 880 510 409 825 725 342 171 129 240 129 503 126 824 989 632 655 214 401 807 436 764 357 645 334 286 125 439 8 431 782 384 186
914 568 91 18 181 456 596 212 324 340 489 454 557 614 147 333 37 766 177 705 468 981 454 906 211 460 583 82 15 815 765 6 684 71 486 356 53 189 499 68 750 322 825 258 215 222 499 141 933 900 66
210 590 486 944 116 184 28 901 996 849 88 87 650 860 887 683 781 422 13 129 405 825 429 769 680 238 807 985 126 900 684 785 597 644 347 564 220 777 278 152 835 404 633 573 470 290 968 66 711 886 113 393
794 22 262 972 733 854 881 979 560 957 66 10 805 368 924 16 915 879 447 966 466 539 323 223 360 953 178 498 863 181 742 55 560 832 749 874 682 176 133 417 10 547 31 687 172 254 89 620 603 419 725 422 229
452 712 964 78 667 955 725 603 786 557 125 902 224 80 877 985 831 604 159 472 222 985 253 941 525 206 655 458 66 612 462 689 215 696 456 489 507 402 801 877 567 566 283 590 389 774 319 652 86 150 869 688 827 517
395 424 666 513 642 91 164 578 486 485 956 735 47 833 927 99 350 655 261 784 633 719 600 106 968 746 300 342 330 662 810 295 173 917 913 192 227 620 854 660 626 813 200 42 125 846 307 428 678 158 61 660 382 481 99
971 961 33 845 276 132 161 400 10 621 688 372 214 306 243 490 33 20 571 107 834 183 660 664 716 976 55 204 988 95 171 502 817 121 436 272 618 178 814 300 588 68 792 118 184 367 340 26 122 350 508 318 491 744 675 823
418 481 889 992 693 961 699 996 943 584 203 55 219 246 407 813 608 58 248 132 336 670 610 389 843 46 451 823 382 612 963 375 6 460 883 991 758 2 663 820 1 890 675 149 337 98 791 910 771 698 523 412 38 811 770 163 578
71 84 426 877 551 567 628 732 684 677 405 587 732 63 702 128 497 938 720 793 118 793 246 414 853 309 229 442 426 664 824 773 33 758 973 187 881 998 639 646 812 182 8 941 689 21 746 358 929 941 392 631 522 14 85 97 656 288
478 449 720 908 182 82 3 190 561 366 279 382 913 816 297 349 963 773 396 389 21 189 597 193 222 874 814 952 799 881 597 19 873 429 476 392 96 522 680 360 903 901 496 133 860 710 165 857 197 291 47 266 637 938 422 193 919 26 842
254 658 177 460 670 695 779 966 790 957 365 769 491 131 436 418 659 281 111 409 776 633 180 477 328 786 780 502 399 335 948 743 268 943 262 230 736 684 414 866 867 158 138 728 814 919 48 572 435 137 113 53 829 206 133 389 712 482 333 426
172 966 683 420 724 681 105 804 797 313 341 353 794 496 629 934 458 563 442 870 713 818 77 487 581 291 785 433 448 360 375 983 291 908 602 965 252 520 854 620 593 777 29 42 716 381 531 764 294 628 635 856 813 107 589 448 676 903 160 448 738
469 767 573 991 546 892 146 974 513 693 526 698 989 911 788 702 827 879 802 99 523 254 267 313 594 453 7 182 273 544 176 159 335 598 729 237 903 19 672 19 410 852 73 522 563 84 507 478 167 337 333 314 558 838 331 847 780 284 514 305 547 65
192 54 820 355 814 818 296 819 636 674 639 581 926 500 879 418 356 767 348 444 677 382 624 810 320 142 24 819 322 190 958 659 93 402 2 511 48 217 689 342 129 387 741 517 538 992 328 459 957 942 219 94 276 291 45 651 789 85 950 393 214 197 311
291 78 241 401 313 116 192 547 798 967 58 506 230 404 378 199 860 557 976 663 498 700 798 244 765 545 451 168 104 171 311 52 66 897 344 115 620 596 497 345 810 81 351 709 607 654 142 322 961 196 507 939 522 820 643 538 852 938 821 536 545 872 86 350
209 58 567 215 361 712 504 457 439 673 665 850 607 576 166 2 219 449 397 173 561 723 210 737 472 138 579 84 581 348 190 355 659 470 256 80 332 917 387 829 471 737 522 478 676 170 241 185 236 725 313 894 70 291 883 641 39 276 417 821 797 16 333 217 270
529 152 987 550 100 821 657 28 457 745 119 514 514 681 14 152 851 112 813 54 877 715 529 451 723 574 466 649 331 100 213 775 321 792 319 95 678 337 760 728 627 623 425 741 112 565 371 77 905 484 264 127 976 884 263 910 7 650 609 257 623 912 968 360 351 915
461 366 905 576 966 747 132 934 884 785 722 84 573 279 715 6 360 665 969 248 511 355 299 111 906 321 148 577 645 314 727 492 202 259 48 975 177 767 217 298 877 846 709 646 267 453 759 145 579 678 494 574 1 694 614 684 284 727 3 68 412 315 9 426 137 994 209
981 173 935 256 150 461 756 906 155 502 85 613 727 937 460 59 426 770 802 369 739 969 724 447 599 138 491 922 920 253 230 381 968 777 460 490 904 132 120 907 198 288 352 141 360 470 203 139 903 758 982 848 69 983 214 272 453 753 458 930 71 624 514 240 212 49 808 260
621 923 45 221 141 837 425 132 538 477 336 146 491 377 144 669 889 506 985 362 848 456 123 727 395 993 944 389 508 484 227 980 724 161 763 642 972 16 21 673 636 772 961 427 36 963 757 800 364 651 37 41 714 91 800 221 718 978 253 160 700 638 682 785 763 566 728 623 702
275 289 474 953 923 318 277 926 77 54 436 716 943 612 938 157 202 986 366 82 914 936 80 307 786 981 4 579 587 470 656 884 254 932 664 883 672 183 889 10 805 76 885 518 435 786 713 696 125 25 376 758 584 775 318 156 117 101 27 433 644 94 705 29 358 121 225 778 301 478
124 509 635 455 53 12 308 283 857 853 322 256 995 602 290 245 937 763 380 637 891 282 217 927 36 126 636 958 150 152 813 53 456 37 323 557 616 197 713 308 583 135 708 183 798 875 814 66 571 619 246 829 653 715 113 930 236 274 140 645 86 933 320 946 265 994 350 313 220 992 450
271 405 57 311 69 605 125 272 832 685 841 600 167 960 337 920 109 699 926 598 285 769 368 492 258 46 991 706 110 235 979 470 699 667 488 366 283 85 931 534 532 657 113 45 740 204 680 952 211 785 520 86 102 244 390 16 749 419 647 503 34 145 974 119 188 47 812 429 369 927 881 417
899 128 228 841 341 537 14 344 632 153 983 234 627 259 819 104 259 646 666 619 284 254 376 706 540 426 791 983 149 189 164 111 978 605 691 505 621 973 209 838 740 76 121 913 52 734 477 830 229 438 252 800 208 334 532 737 114 761 303 515 214 355 925 670 959 54 225 502 122 684 676 269 329
141 871 370 153 822 699 474 907 323 621 833 981 834 510 544 225 547 41 231 137 381 282 356 690 633 345 22 733 579 405 82 947 910 412 991 634 506 25 401 855 671 607 173 784 142 250 669 532 379 936 362 911 879 40 551 314 785 156 255 922 954 283 472 180 202 495 937 673 137 170 367 577 390 255
622 139 353 85 112 75 412 22 444 521 443 501 18 969 538 614 526 591 397 338 805 586 869 431 725 147 425 842 869 566 646 426 60 980 16 235 798 950 284 837 567 954 986 835 550 530 174 144 111 849 878 552 299 184 164 140 839 169 145 128 560 691 206 85 906 947 16 844 339 477 440 470 8 950 564
419 642 416 656 207 501 894 501 299 570 988 361 39 105 330 663 500 944 696 88 920 35 220 735 312 848 390 604 737 802 762 169 638 624 695 215 819 244 265 176 2 167 146 888 510 260 211 556 165 190 882 85 684 913 67 870 906 992 277 10 281 173 359 337 776 965 24 152 215 369 880 156 658 280 126 474
902 985 213 942 180 557 974 990 746 44 482 654 228 851 194 882 826 875 369 970 612 574 420 526 943 86 605 771 529 914 149 208 664 101 246 873 500 676 906 458 560 579 810 344 645 109 181 201 396 371 29 400 397 911 950 603 37 892 916 475 2 757 542 279 602 739 186 264 586 890 980 374 182 905 378 727 361
890 550 852 373 856 426 103 211 337 352 6 527 313 291 546 841 195 80 273 378 344 563 711 567 257 357 468 196 877 498 153 447 207 334 658 912 973 893 569 467 4 241 390 169 810 512 385 568 501 1 201 552 753 355 970 194 431 170 830 908 327 268 578 674 604 903 458 3 706 937 511 580 781 304 701 309 589 942
147 594 113 353 499 318 169 864 385 484 634 329 474 738 120 159 517 284 476 340 778 392 469 377 751 801 252 535 298 530 972 496 227 236 955 827 912 202 379 778 750 38 81 766 405 677 386 769 794 827 758 673 449 77 286 489 560 829 165 912 962 70 543 502 105 733 931 866 710 886 297 496 622 323 974 642 525 4 692
971 60 530 876 755 997 608 305 541 347 494 898 108 868 854 737 984 902 901 679 240 385 531 902 564 534 473 552 638 959 245 577 380 220 40 615 140 343 115 352 405 375 637 560 328 416 744 304 666 609 265 785 181 822 694 669 466 647 259 103 823 430 502 920 310 584 438 414 522 91 581 219 80 612 398 423 566 282 893 349
201 875 780 184 767 326 346 676 515 466 329 969 48 446 158 982 116 432 374 770 476 651 403 162 466 733 126 885 890 448 845 88 362 77 861 730 633 714 512 233 53 100 369 550 288 629 863 5 5 222 193 107 556 534 311 253 364 481 871 165 728 978 416 283 345 147 799 23 634 380 881 545 672 482 763 480 520 832 935 167 742
372 308 774 874 16 960 756 198 255 392 243 982 117 524 68 318 464 928 708 190 604 928 115 800 46 875 734 842 778 798 453 7 350 908 772 783 31 480 114 404 241 459 832 727 376 306 84 916 929 783 460 642 239 928 213 132 743 848 525 984 382 703 579 636 205 891 655 530 999 988 689 382 381 102 849 9 108 131 522 790 363 160
813 288 235 159 850 130 268 581 590 664 234 662 801 199 232 986 112 887 184 329 730 269 936 952 45 265 937 29 962 418 274 547 492 405 419 984 295 945 728 329 20 7 597 431 21 396 619 892 211 812 357 739 251 732 574 73 943 595 284 990 339 964 287 401 343 151 127 622 654 912 281 137 20 722 314 827 445 16 413 111 697 545 760
269 125 678 182 300 389 77 58 722 663 465 724 518 273 26 835 104 150 352 272 31 790 609 487 220 370 944 775 58 193 689 439 324 457 66 842 378 339 57 857 490 399 733 802 360 213 746 242 499 514 803 317 808 862 241 874 760 129 97 824 516 182 222 195 564 330 367 118 415 377 951 810 786 398 272 877 811 175 857 167 14 713 364 553
172 347 698 645 874 366 956 633 784 814 316 651 587 33 19 930 284 943 939 407 590 756 870 237 637 415 954 660 669 712 903 706 912 448 238 664 257 310 971 170 272 620 546 816 947 94 75 123 815 481 686 726 102 124 239 109 248 259 487 953 748 536 252 525 750 563 185 92 299 206 259 489 921 963 116 384 599 733 66 383 576 325 438 621 749
565 501 211 245 281 369 724 745 164 136 372 887 998 327 325 25 800 148 25 789 925 635 86 355 755 74 658 911 151 721 660 483 90 630 492 1 63 257 800 543 406 825 740 605 994 177 522 731 351 414 784 683 834 511 305 474 366 468 244 629 338 791 755 634 280 723 57 541 325 456 208 357 23 625 955 68 917 913 244 565 480 680 160 733 207 19
577 873 32 748 299 188 66 112 688 860 82 284 535 384 651 485 856 907 181 713 795 380 336 449 720 504 761 748 900 627 785 868 941 481 527 256 752 342 591 663 213 868 460 663 393 810 709 759 993 515 716 77 251 260 24 782 694 819 573 224 168 450 480 175 343 143 269 683 14 829 123 190 251 449 199 269 2 149 284 604 8 226 912 819 100 625 459
722 599 306 121 837 479 4 242 362 246 402 19 466 250 788 805 819 975 301 631 252 908 930 852 25 99 293 761 373 127 541 86 972 297 857 874 104 844 860 242 570 584 375 867 2 142 741 568 643 749 737 582 351 336 615 20 950 539 659 257 899 313 620 949 49 564 506 466 290 500 402 493 844 317 25 386 918 285 517 706 922 636 160 100 936 762 59 852
730 317 399 867 352 827 453 639 609 965 695 433 888 969 971 69 188 105 891 477 858 348 922 648 244 811 235 621 554 801 442 630 9 954 852 158 300 848 754 51 33 96 45 346 191 189 880 364 161 913 501 682 256 638 914 240 509 716 410 117 113 433 892 658 393 459 374 955 753 986 248 172 822 416 313 288 562 51 402 397 657 121 885 492 422 91 159 425 38
573 257 339 694 258 944 25 603 166 608 192 803 379 504 253 198 720 369 714 33 588 768 408 924 196 432 636 445 732 765 523 656 66 852 907 367 54 435 795 117 390 331 835 356 858 186 84 791 113 879 519 335 590 920 283 816 750 277 804 400 557 851 727 441 306 262 374 620 272 416 390 125 476 351 703 506 602 54 5 220 999 865 491 888 404 716 632 546 214 164
908 734 497 390 704 309 222 313 501 441 668 651 400 96 591 414 919 461 623 525 499 89 105 77 239 239 701 782 454 437 519 228 736 587 936 907 681 141 449 673 136 158 423 454 909 549 194 95 390 29 401 416 245 250 334 285 818 284 626 334 811 828 795 265 420 573 490 91 256 731 119 830 44 354 19 730 526 769 879 188 582 977 472 378 5 777 459 452 431 952 334
632 684 909 488 157 548 280 117 107 329 260 855 418 696 19 564 795 322 758 558 398 864 933 142 331 194 298 547 593 23 318 147 418 362 678 443 271 180 878 645 909 830 73 629 51 257 239 971 471 611 921 20 228 319 141 371 185 719 77 725 964 80 785 684 348 51 569 183 603 440 599 679 891 503 955 407 233 505 581 827 115 680 282 676 635 292 836 340 380 491 683 86
949 443 700 219 425 189 211 347 684 644 200 797 664 725 877 943 531 111 415 227 925 463 234 160 276 954 671 506 704 577 650 580 455 786 15 336 93 590 4 506 546 593 97 498 3 364 57 707 868 613 704 357 90 987 216 287 729 252 177 531 772 297 663 276 125 289 395 868 47 173 764 780 498 49 479 537 418 464 785 466 407 676 748 405 23 288 788 646 395 173 46 239 845
35 386 963 742 977 641 241 562 482 850 278 43 446 419 109 52 689 144 450 237 511 888 56 390 249 571 455 460 321 35 433 383 118 6 765 261 588 254 813 707 281 415 596 318 164 798 498 252 944 701 598 240 890 14 405 34 685 421 661 658 257 573 453 11 924 645 494 96 528 328 946 149 433 181 539 224 908 432 598 416 458 738 467 892 425 554 967 395 349 193 81 379 967 423
93 563 949 891 756 836 453 137 48 746 152 42 228 176 811 315 368 758 886 890 709 638 421 161 185 593 798 981 649 825 23 81 88 452 593 825 112 500 988 373 859 741 14 196 450 229 542 314 64 4 534 342 793 870 12 287 683 264 798 355 135 75 564 72 631 165 644 436 932 752 551 585 292 201 747 356 75 938 698 383 793 124 580 195 281 405 739 368 215 264 508 737 745 798 82
516 989 349 77 833 652 916 67 624 588 480 363 856 475 518 977 293 7 684 829 265 862 713 74 386 947 314 308 495 448 939 641 138 150 219 391 359 92 452 634 542 775 712 683 287 671 529 440 783 776 584 877 379 540 179 194 471 292 239 449 587 43 406 755 512 961 875 623 805 655 285 480 164 748 990 438 757 491 266 948 761 341 625 656 725 548 439 597 32 253 382 191 850 956 594 821
765 726 56 186 80 426 728 891 480 875 947 860 40 79 748 781 156 93 684 17 629 647 30 551 638 33 964 471 807 93 623 669 214 884 607 71 49 51 396 512 822 6 919 127 655 994 895 963 172 567 87 970 525 960 474 580 506 132 411 582 76 620 703 102 486 7 880 362 981 706 598 985 404 160 685 693 680 632 530 420 346 172 504 164 822 699 457 504 471 317 394 604 857 152 379 74 814
548 941 796 76 314 647 602 719 620 594 243 556 326 127 927 124 997 41 186 995 978 149 581 698 127 317 887 600 432 584 898 845 264 493 394 624 621 23 581 360 166 101 429 661 427 801 408 230 992 646 247 318 226 131 227 964 950 809 149 870 964 157 4 257 388 694 649 527 211 693 160 897 245 309 621 233 355 860 66 645 715 898 124 115 527 613 670 108 308 573 448 201 179 224 169 16 828 988
472 706 207 63 804 615 127 730 824 621 63 894 496 505 451 320 867 576 12 243 689 161 539 137 881 997 490 601 161 901 808 311 183 553 681 531 566 977 606 695 615 3 71 171 608 687 801 142 323 282 813 869 402 663 28 281 906 318 102 101 498 5 326 545 463 599 948 639 168 740 892 508 148 140 781 376 511 448 779 717 365 485 459 660 74 964 149 567 155 82 150 950 179 469 967 731 743 604 598
439 992 882 658 849 112 765 542 780 404 782 304 721 867 159 292 599 465 142 230 863 341 426 653 486 73 949 885 699 967 234 204 673 419 713 577 935 898 582 236 273 664 372 565 145 759 817 128 318 71 23 893 803 44 42 791 775 721 283 753 123 810 325 141 845 201 245 277 88 225 525 905 424 620 509 314 153 626 819 22 341 475 438 857 274 775 628 782 773 84 524 180 331 504 613 153 339 890 676 925
