27
58 31
65 58 21
37 19 92 65
76 54 19 90 20
85 18 45 77 3 82
5 50 3 22 92 4 41
20 79 5 32 11 95 75 43
52 22 52 99 66 35 1 94 93
91 54 60 44 94 79 40 49 52 41
69 78 54 36 49 42 64 85 5 47 98
45 49 78 42 9 86 3 34 36 62 82 68
37 62 87 7 5 34 70 11 42 18 23 83 87
22 95 75 4 40 56 13 96 37 97 81 26 48 42
97 92 69 60 92 13 17 50 69 47 60 87 4 92 30
72 52 38 24 86 54 99 91 32 89 71 89 9 42 78 63
84 72 96 6 42 5 20 19 51 3 34 58 96 13 67 48 54
93 45 19 30 93 50 58 75 23 59 5 75 14 15 23 34 65 94
2 34 64 21 74 1 56 65 85 28 40 66 16 82 7 18 53 6 75
17 76 39 90 6 67 7 2 99 98 8 64 8 47 95 35 9 59 59 79
16 73 84 14 89 76 90 43 5 82 89 25 85 35 94 91 55 66 4 39 15
39 65 99 75 93 62 14 80 88 61 98 88 81 88 90 15 90 81 11 18 28 29
49 86 32 30 10 83 95 1 94 1 4 1 78 82 4 5 46 28 36 11 63 79 69
8 91 50 4 71 64 46 46 67 20 64 76 14 57 92 30 64 78 66 62 11 83 39 30
26 44 97 31 84 30 83 99 54 56 6 21 50 41 56 72 62 22 21 83 59 27 60 9 32
